2017132	09	13	05	02	03	28	11	6注	377,852,842元	633,905,850元	
2017131	07	27	10	01	11	26	11	25注	367,788,616元	600,864,875元	
2017130	31	13	05	23	25	14	02	5注	401,382,016元	690,570,120元	
2017129	14	33	09	21	06	05	02	3注	334,351,058元	638,652,615元	
2017128	22	29	02	31	13	06	08	13注	323,872,230元	588,766,113元	
2017127	21	24	14	27	32	15	12	4注	351,381,232元	647,103,220元	
2017126	21	01	27	30	16	17	16	8注	328,800,104元	618,963,440元	
2017125	25	23	14	01	29	30	03	6注	324,821,104元	598,302,894元	
2017124	28	26	02	06	29	11	03	8注	352,610,564元	582,215,080元	
2017123	06	31	04	21	11	05	10	16注	327,467,830元	578,631,376元	
2017122	22	21	27	24	20	11	15	4注	323,216,212元	624,823,324元	
2017121	32	19	22	18	24	11	07	5注	344,520,506元	597,274,960元	
2017120	10	19	08	23	28	15	16	5注	319,254,526元	590,730,365元	
2017119	31	09	25	26	21	16	14	11注	311,293,858元	557,828,271元	
2017118	22	33	09	30	15	08	16	12注	339,910,326元	562,212,840元	
2017117	11	08	02	01	14	21	09	3注	277,103,412元	565,108,899元	
2017116	14	30	22	32	02	20	02	9注	270,066,216元	550,134,702元	
2017115	11	04	31	25	10	30	01	6注	322,048,056元	557,069,238元	
2017114	06	12	15	13	18	26	13	4注	321,554,260元	533,714,324元	
2017113	29	06	04	33	16	27	05	4注	316,223,542元	507,647,724元	
2017112	23	16	22	10	03	14	11	2注	346,255,520元	490,214,060元	
2017111	19	10	05	32	17	29	12	16注	317,976,914元	443,532,928元	
2017110	12	19	15	23	01	03	14	3注	316,936,062元	482,979,264元	
2017109	21	16	08	14	18	23	16	4注	349,302,018元	436,050,760元	
2017108	17	14	15	20	07	12	01	6注	320,774,192元	390,692,040元	
2017107	32	30	08	09	15	17	06	19注	319,335,446元	368,859,616元	
2017106	31	20	25	12	15	27	02	4注	346,574,690元	421,291,764元	
2017105	03	12	06	25	07	26	07	29注	314,223,620元	385,864,894元	
2017104	01	14	23	30	20	15	14	2注	310,263,038元	523,607,612元	
2017103	25	31	33	01	21	23	01	9注	347,478,996元	469,614,348元	
2017102	10	14	04	20	18	08	11	14注	315,963,272元	455,170,324元	
2017101	11	28	01	32	04	31	16	2注	313,219,868元	498,878,630元	
2017100	23	04	07	18	24	08	02	16注	343,590,604元	435,010,976元	
2017099	06	05	16	28	29	02	04	27注	310,565,530元	460,398,735元	
2017098	04	27	22	30	33	19	01	14注	314,009,676元	561,544,774元	
2017097	18	10	30	31	19	05	03	10注	348,913,966元	616,091,250元	
2017096	12	19	02	06	29	11	06	14注	322,973,284元	611,617,622元	
2017095	22	09	19	12	29	10	16	14注	317,203,922元	632,720,984元	
2017094	31	28	08	11	19	13	06	9注	341,689,810元	658,076,283元	
2017093	22	07	27	09	15	08	12	39注	308,248,758元	662,712,921元	
2017092	29	10	33	18	19	32	09	4注	308,876,342元	826,577,324元	
2017091	07	10	28	05	23	29	03	4注	337,138,076元	795,913,308元	
2017090	33	16	22	10	01	07	09	4注	312,174,318元	772,752,284元	
2017089	16	11	12	13	23	25	12	2注	314,842,050元	750,483,542元	
2017088	22	18	07	29	23	09	06	10注	346,380,162元	702,515,540元	
2017087	28	03	19	14	13	06	06	13注	316,090,948元	705,056,937元	
2017086	05	06	13	03	22	20	07	5注	313,250,840元	741,969,095元	
2017085	01	25	30	06	05	16	09	7注	340,676,888元	736,565,578元	
2017084	11	05	01	22	24	20	02	9注	314,750,766元	746,247,204元	
2017083	08	14	24	20	03	26	12	13注	305,712,986元	741,221,637元	
2017082	14	21	18	28	29	25	10	9注	340,327,376元	770,257,854元	
2017081	03	14	05	30	26	25	05	4注	311,169,340元	771,574,680元	
2017080	24	12	16	01	22	20	08	10注	309,113,400元	761,168,290元	
2017079	03	27	23	14	07	25	08	5注	338,568,770元	772,154,315元	
2017078	18	24	22	07	05	19	16	7注	308,678,006元	763,870,919元	
2017077	22	17	02	01	04	15	14	4注	310,153,396元	752,910,976元	
2017076	04	01	08	15	14	09	13	7注	346,391,726元	721,042,021元	
2017075	19	01	06	03	29	21	07	7注	320,592,160元	711,353,370元	
2017074	06	23	16	31	30	02	02	16注	312,167,868元	720,097,616元	
2017073	06	16	03	23	26	30	14	9注	347,269,730元	747,555,120元	
2017072	23	11	26	30	06	14	02	11注	321,195,342元	740,584,900元	
2017071	02	31	03	32	06	14	03	4注	322,489,468元	745,151,312元	
2017070	25	01	22	06	14	26	12	4注	357,559,628元	709,557,056元	
2017069	11	31	02	29	23	12	05	3注	326,172,358元	683,978,436元	
2017068	02	30	22	10	31	06	15	7注	320,912,348元	655,631,053元	
2017067	01	29	03	10	04	18	04	10注	356,270,498元	630,964,440元	
2017066	26	01	04	17	06	19	03	8注	329,821,920元	624,968,496元	
2017065	02	08	10	12	05	21	07	14注	320,800,086元	619,300,374元	
2017064	16	10	24	02	28	22	15	5注	351,655,222元	654,376,180元	
2017063	12	25	22	31	20	16	04	4注	307,572,084元	624,355,820元	
2017062	26	31	22	24	07	01	10	2注	292,747,704元	588,631,018元	
2017061	06	20	12	26	07	27	11	22注	327,891,234元	546,535,704元	
2017060	26	10	13	24	05	31	04	4注	320,553,910元	613,018,696元	
2017059	15	25	09	19	08	04	09	26注	306,145,516元	586,532,102元	
2017058	01	09	28	22	32	13	11	8注	338,794,650元	702,858,272元	
2017057	18	31	30	20	22	23	16	9注	314,697,362元	698,067,117元	
2017056	13	21	14	18	19	28	06	8注	317,424,132元	697,988,120元	
2017055	12	24	13	20	31	07	05	20注	342,200,872元	685,895,820元	
2017054	09	02	33	28	23	03	08	2注	315,730,948元	746,396,522元	
2017053	15	04	09	31	29	11	06	6注	316,559,816元	716,619,576元	
2017052	31	08	18	24	07	29	07	5注	346,847,224元	704,802,480元	
2017051	09	15	24	02	05	25	11	10注	315,667,040元	682,920,580元	
2017050	27	12	20	29	10	24	07	5注	308,163,776元	700,584,945元	
2017049	14	08	15	29	01	20	10	7注	326,777,700元	680,077,398元	
2017048	09	14	15	19	05	08	07	11注	317,465,116元	664,324,529元	
2017047	33	10	08	32	05	02	02	6注	313,845,556元	694,177,440元	
2017046	04	13	26	32	23	14	10	6注	348,845,228元	677,946,402元	
2017045	16	25	07	21	05	20	05	4注	320,562,564元	664,910,592元	
2017044	08	31	16	19	32	21	06	15注	318,935,018元	636,516,015元	
2017043	08	13	23	16	27	31	08	4注	348,879,160元	669,647,148元	
2017042	23	02	07	04	10	01	04	8注	326,995,938元	652,974,432元	
2017041	13	27	22	04	15	10	04	21注	322,450,520元	634,663,869元	
2017040	33	28	19	23	29	15	04	13注	359,413,424元	691,582,671元	
2017039	02	12	04	17	24	14	15	1注	330,405,710元	730,094,377元	
2017038	01	04	13	08	24	27	05	5注	310,673,636元	656,476,865元	
2017037	25	11	30	20	22	15	05	7注	346,434,206元	629,265,693元	
2017036	10	24	02	27	01	05	15	4注	340,257,990元	613,555,992元	
2017035	28	01	32	06	24	14	12	16注	342,022,594元	568,068,720元	
2017034	19	32	04	08	33	07	13	8注	373,962,682元	618,519,064元	
2017033	30	23	05	07	15	20	15	12注	346,477,046元	610,298,424元	
2017032	24	27	31	15	05	08	11	63注	346,410,188元	609,910,623元	
2017031	26	10	06	27	29	16	03	30注	377,406,752元	924,910,650元	
2017030	09	23	30	07	01	20	02	5注	350,487,064元	1,037,107,695元	
2017029	25	23	30	02	15	21	10	4注	343,011,048元	1,003,660,344元	
2017028	07	08	12	30	13	22	09	9注	377,657,484元	977,766,651元	
2017027	11	30	27	02	14	04	05	3注	344,767,540元	980,689,536元	
2017026	30	19	10	03	12	27	08	30注	338,217,710元	954,816,000元	
2017025	15	02	22	17	16	32	07	11注	372,684,176元	1,076,249,141元	
2017024	25	21	09	29	31	26	13	6注	342,020,216元	1,093,529,538元	
2017023	03	04	22	18	01	11	14	3注	337,872,226元	1,072,263,213元	
2017022	16	18	06	15	02	32	15	4注	370,988,738元	1,029,761,908元	
2017021	05	10	33	02	22	32	09	16注	329,896,520元	984,320,688元	
2017020	31	12	04	08	33	10	10	4注	321,450,250元	1,016,040,400元	
2017019	25	04	12	06	23	08	08	4注	362,828,374元	992,823,572元	
2017018	01	31	25	02	17	03	09	5注	332,385,048元	976,565,180元	
2017017	10	03	08	07	22	23	12	5注	329,086,094元	973,496,920元	
2017016	08	29	27	05	16	22	02	12注	349,767,606元	957,434,232元	
2017015	08	01	32	09	17	14	01	4注	314,977,594元	976,589,244元	
2017014	18	06	20	31	23	08	13	5注	307,538,720元	944,740,410元	
2017013	28	31	33	08	11	29	06	10注	377,878,424元	924,629,020元	
2017012	11	16	24	10	15	14	07	9注	329,120,186元	919,697,751元	
2017011	26	10	29	23	12	11	16	11注	318,019,266元	914,786,466元	
2017010	28	05	30	25	08	19	07	30注	350,388,682元	914,275,770元	
2017009	02	08	29	09	15	06	14	9注	318,286,702元	1,043,538,642元	
2017008	28	13	15	07	29	27	13	10注	318,368,112元	1,039,620,330元	
2017007	26	33	02	04	24	05	15	7注	358,098,002元	1,049,607,797元	
2017006	26	29	04	02	08	33	08	4注	327,823,184元	1,019,607,668元	
2017005	11	12	23	06	30	22	05	14注	328,457,210元	1,018,195,332元	
2017004	30	27	05	17	13	26	07	18注	361,243,290元	1,046,462,778元	
2017003	01	27	15	32	08	04	16	3注	328,263,696元	1,089,595,542元	
2017002	24	32	23	19	25	15	03	4注	333,473,696元	1,046,185,700元	
2017001	26	09	20	25	14	11	15	9注	376,155,592元	1,007,519,355元	
2016153	09	16	25	07	29	24	06	5注	342,438,226元	990,091,165元	
2016152	08	09	20	22	16	02	07	17注	338,973,816元	974,772,214元	
2016151	11	06	20	22	16	33	07	11注	375,311,070元	1,013,655,324元	
2016150	21	04	09	02	05	13	05	22注	350,741,078元	1,010,476,368元	
2016149	32	26	23	20	03	33	07	5注	342,258,704元	1,069,092,085元	
2016148	20	01	26	11	30	02	14	10注	381,634,232元	1,060,899,760元	
2016147	14	28	31	32	18	04	12	5注	341,474,648元	1,053,462,300元	
2016146	03	15	17	07	16	23	10	8注	344,859,752元	1,030,668,248元	
2016145	01	03	07	12	19	20	06	8注	398,955,964元	1,019,425,688元	
2016144	27	10	04	12	33	32	05	14注	372,346,108元	1,031,610,174元	
2016143	09	06	24	23	25	33	13	5注	378,923,738元	1,055,352,355元	
2016142	21	30	10	23	01	17	12	11注	407,120,242元	1,025,247,212元	
2016141	24	21	04	17	13	15	15	7注	371,798,444元	1,025,247,440元	
2016140	32	26	02	17	01	05	10	16注	360,447,386元	998,908,480元	
2016139	28	19	26	30	06	01	03	5注	395,456,724元	1,041,642,655元	
2016138	07	20	24	30	25	16	07	12注	350,229,764元	998,764,932元	
2016137	32	15	10	06	01	09	14	4注	339,962,622元	1,024,045,140元	
2016136	10	27	02	29	20	07	03	8注	396,457,052元	989,371,808元	
2016135	33	20	02	08	18	10	12	24注	353,219,786元	973,012,992元	
2016134	33	18	13	11	12	14	13	8注	356,409,344元	1,057,618,368元	
2016133	15	22	21	27	33	16	15	26注	397,601,552元	1,035,115,770元	
2016132	28	05	08	19	27	13	07	37注	349,399,364元	1,107,687,796元	
2016131	19	18	25	27	10	04	02	4注	341,425,796元	1,286,258,608元	
2016130	23	17	27	21	03	28	01	8注	389,013,348元	1,258,366,632元	
2016129	33	06	08	31	05	21	14	2注	356,293,078元	1,236,923,614元	
2016128	11	09	27	26	04	17	13	17注	346,505,806元	1,172,302,677元	
2016127	17	12	07	29	31	26	16	3注	377,635,784元	1,208,693,682元	
2016126	12	18	06	02	19	17	10	4注	347,402,822元	1,154,908,300元	
2016125	01	08	06	30	20	27	03	10注	346,147,358元	1,117,386,530元	
2016124	32	21	09	15	27	24	10	5注	370,331,346元	1,144,946,805元	
2016123	09	20	12	27	14	07	16	3注	305,299,416元	1,119,192,450元	
2016122	15	28	23	29	22	24	08	6注	305,059,324元	1,089,129,612元	
2016121	28	23	02	10	25	03	09	5注	340,006,950元	1,082,073,970元	
2016120	06	21	28	25	02	05	09	6注	309,329,228元	1,054,589,076元	
2016119	09	32	30	21	19	31	04	4注	302,415,052元	1,044,045,944元	
2016118	14	33	31	23	09	22	14	4注	338,792,784元	1,017,168,724元	
2016117	17	14	10	28	33	03	02	12注	281,128,494元	971,854,560元	
2016116	20	07	27	23	18	31	13	6注	268,669,114元	997,623,156元	
2016115	22	27	20	26	08	06	09	13注	307,770,194元	984,826,752元	
2016114	16	22	29	05	20	27	09	21注	300,350,554元	1,005,529,350元	
2016113	11	26	01	16	17	20	14	6注	301,675,518元	1,097,496,306元	
2016112	15	12	25	06	18	14	12	8注	339,124,224元	1,082,109,240元	
2016111	15	14	04	32	07	02	04	3注	310,894,592元	1,080,979,719元	
2016110	32	28	05	31	07	33	08	5注	306,664,040元	1,037,073,225元	
2016109	11	16	15	33	09	27	05	8注	339,043,452元	1,031,137,928元	
2016108	03	07	26	19	02	08	16	6注	278,530,656元	1,033,314,654元	
2016107	11	26	32	18	27	06	01	13注	295,842,288元	1,016,647,606元	
2016106	13	04	30	22	05	25	04	6注	329,967,722元	1,036,874,166元	
2016105	08	27	28	31	19	10	16	13注	304,435,234元	1,011,744,422元	
2016104	09	18	30	11	31	05	04	2注	304,391,928元	1,025,995,488元	
2016103	27	13	24	19	01	05	11	13注	334,526,552元	977,024,997元	
2016102	10	30	05	14	08	17	13	7注	304,528,374元	1,007,804,693元	
2016101	33	24	19	03	32	01	01	3注	303,829,992元	1,005,245,634元	
2016100	23	03	10	22	29	27	04	4注	335,027,586元	960,230,040元	
2016099	01	11	33	21	27	23	06	4注	300,016,648元	930,007,164元	
2016098	02	32	08	29	25	31	06	3注	296,350,008元	908,084,049元	
2016097	28	13	25	26	31	06	01	9注	327,274,678元	886,496,310元	
2016096	06	14	21	22	24	13	16	5注	296,887,214元	888,068,045元	
2016095	12	01	09	18	05	32	12	7注	297,413,702元	866,140,800元	
2016094	07	06	31	18	10	12	10	4注	324,311,584元	861,184,896元	
2016093	06	25	17	09	27	15	09	18注	298,416,216元	843,280,596元	
2016092	02	23	13	24	29	15	06	19注	299,992,386元	908,473,144元	
2016091	22	14	04	23	28	08	07	17注	329,710,234元	994,429,110元	
2016090	26	02	21	20	13	17	07	23注	294,008,068元	1,033,308,810元	
2016089	31	01	14	30	32	03	08	10注	288,232,376元	1,120,249,570元	
2016088	14	33	25	03	16	18	15	5注	320,354,148元	1,149,627,355元	
2016087	14	11	10	03	02	21	12	3注	288,396,896元	1,124,530,659元	
2016086	12	10	32	11	15	09	05	6注	286,788,850元	1,098,197,736元	
2016085	25	12	19	20	21	01	16	7注	319,888,112元	1,079,747,823元	
2016084	24	02	18	12	04	26	05	5注	288,778,286元	1,068,920,080元	
2016083	30	09	17	31	16	24	04	7注	291,921,542元	1,056,212,003元	
2016082	20	15	12	17	06	14	09	10注	323,658,370元	1,048,143,580元	
2016081	15	02	30	25	32	06	07	3注	288,505,018元	1,066,490,094元	
2016080	17	24	25	16	32	01	14	4注	288,372,472元	1,042,999,580元	
2016079	10	12	24	28	01	03	02	2注	322,821,956元	1,012,281,038元	
2016078	04	02	29	23	26	08	02	6注	296,681,554元	953,135,832元	
2016077	29	19	17	09	20	01	10	3注	294,629,008元	933,341,379元	
2016076	08	22	30	32	13	07	01	6注	331,977,974元	917,666,478元	
2016075	29	06	16	01	03	32	07	0注	295,574,016元	890,340,179元	
2016074	11	10	12	06	20	25	12	62注	297,584,738元	838,131,500元	
2016073	12	11	16	09	15	20	13	5注	327,032,018元	1,116,225,045元	
2016072	25	19	05	16	24	22	02	2注	290,670,126元	1,100,767,568元	
2016071	29	28	21	26	19	32	01	4注	293,734,448元	1,061,458,288元	
2016070	06	03	11	29	23	18	01	7注	326,894,102元	1,023,740,893元	
2016069	11	21	27	20	10	08	11	6注	300,232,584元	1,001,117,928元	
2016068	28	19	08	23	31	32	01	2注	295,768,168元	991,629,338元	
2016067	09	18	31	13	27	20	04	5注	327,487,486元	946,443,820元	
2016066	13	07	20	03	18	19	05	10注	275,334,312元	921,254,130元	
2016065	13	26	16	27	22	25	14	2注	298,326,848元	945,654,750元	
2016064	26	12	19	17	03	14	03	11注	332,534,594元	900,497,807元	
2016063	28	18	17	23	32	16	07	0注	304,409,952元	910,497,831元	
2016062	19	21	12	18	13	15	09	2注	305,198,008元	865,680,358元	
2016061	05	20	06	32	18	08	08	21注	340,147,518元	835,286,844元	
2016060	05	22	29	04	26	32	08	15注	320,540,202元	914,524,470元	
2016059	28	04	25	20	11	12	15	9注	322,601,954元	989,524,476元	
2016058	18	03	05	20	24	32	11	2注	357,296,334元	981,243,730元	
2016057	26	19	23	22	12	07	11	11注	325,499,780元	915,017,488元	
2016056	18	11	03	16	04	08	14	6注	326,490,562元	925,399,830元	
2016055	16	10	22	26	05	06	11	11注	350,383,284元	902,490,160元	
2016054	16	11	28	19	32	06	04	8注	324,349,586元	914,302,376元	
2016053	08	31	29	10	12	02	01	5注	320,149,454元	903,222,855元	
2016052	13	28	19	01	24	06	16	12注	353,216,208元	876,129,336元	
2016051	33	09	15	01	04	02	12	2注	324,257,380元	872,097,902元	
2016050	28	29	09	24	12	30	02	4注	308,889,140元	823,767,052元	
2016049	08	13	06	14	22	27	10	15注	330,279,014元	796,447,605元	
2016048	15	08	13	14	03	30	04	6注	329,538,828元	830,538,816元	
2016047	05	08	22	02	17	15	16	5注	324,937,604元	806,292,000元	
2016046	30	25	20	26	07	27	14	0注	364,459,490元	779,578,465元	
2016045	04	32	17	09	30	12	03	1注	336,323,174元	696,734,182元	
2016044	10	30	03	12	18	01	01	6注	335,979,238元	632,010,456元	
2016043	30	26	20	33	05	14	12	6注	364,494,720元	605,438,772元	
2016042	17	31	07	23	26	14	09	11注	334,864,386元	589,832,826元	
2016041	18	21	12	22	24	17	04	3注	330,501,352元	612,243,516元	
2016040	23	19	20	03	13	26	03	12注	365,246,422元	568,128,108元	
2016039	07	01	19	18	27	03	16	5注	335,090,614元	568,328,305元	
2016038	12	22	13	29	03	28	03	4注	325,081,790元	530,930,396元	
2016037	31	33	32	06	15	26	16	3注	350,165,940元	494,817,840元	
2016036	20	22	04	07	03	09	03	2注	348,368,584元	439,352,386元	
2016035	19	29	13	04	26	20	11	11注	343,407,218元	378,328,346元	
2016034	15	28	21	22	03	23	15	1注	380,415,644元	388,316,232元	
2016033	06	17	20	18	29	27	15	2注	338,637,474元	296,662,312元	
2016032	14	15	08	27	21	12	15	5注	339,342,300元	228,889,010元	
2016031	03	10	19	08	33	26	03	13注	385,818,800元	190,281,234元	
2016030	22	14	19	25	10	29	12	98注	351,985,986元	202,797,966元	
2016029	18	20	21	27	12	15	15	5注	347,727,124元	673,974,740元	
2016028	25	29	21	12	06	08	01	7注	370,238,316元	639,478,896元	
2016027	11	15	13	17	19	31	05	4注	337,818,690元	607,947,604元	
2016026	30	09	12	04	28	33	01	0注	329,158,276元	573,762,988元	
2016025	11	04	30	12	24	17	12	19注	379,126,514元	497,263,041元	
2016024	02	05	07	31	14	18	13	9注	344,808,140元	551,044,179元	
2016023	03	29	25	06	10	19	07	14注	337,590,682元	552,702,346元	
2016022	23	22	30	19	04	09	07	8注	370,206,784元	574,633,808元	
2016021	13	11	22	26	24	09	05	5注	330,776,764元	567,576,885元	
2016020	01	12	22	10	02	24	10	3注	317,041,006元	540,251,214元	
2016019	06	17	13	16	30	23	10	51注	354,746,834元	497,880,207元	
2016018	14	17	13	21	25	12	04	5注	316,712,952元	725,711,885元	
2016017	20	08	30	05	22	06	05	12注	293,890,064元	698,821,392元	
2016016	22	20	01	25	26	24	16	5注	316,931,514元	721,026,255元	
2016015	26	22	25	14	01	02	07	5注	346,224,370元	692,442,990元	
2016014	02	10	27	20	08	18	07	45注	321,027,466元	667,745,460元	
2016013	21	22	31	07	26	12	01	3注	370,420,948元	860,575,404元	
2016012	32	12	16	07	14	27	15	2注	336,562,836元	800,780,176元	
2016011	22	29	10	03	08	15	12	43注	332,990,472元	752,133,812元	
2016010	12	14	02	04	25	19	06	14注	359,088,730元	922,316,332元	
2016009	27	14	24	25	32	10	04	3注	341,116,278元	937,517,775元	
2016008	29	33	15	02	32	24	02	5注	355,411,856元	893,240,990元	
2016007	12	20	14	27	29	05	06	11注	398,316,866元	864,189,106元	
2016006	31	16	28	18	20	13	12	2注	357,519,610元	880,487,026元	
2016005	20	31	11	14	18	33	14	56注	347,622,842元	816,820,648元	
2016004	08	22	10	17	25	33	12	9注	376,467,244元	1,053,582,237元	
2016003	10	14	26	28	23	01	01	12注	351,825,302元	1,047,367,656元	
2016002	09	14	30	17	24	20	16	5注	343,096,096元	1,049,581,785元	
2016001	18	22	20	16	13	06	13	5注	388,445,976元	1,022,461,915元	
2015154	25	11	18	07	15	09	07	13注	364,605,498元	984,457,630元	
2015153	11	15	27	08	29	22	03	15注	348,341,018元	999,785,925元	
2015152	18	32	11	19	21	29	12	14注	392,322,240元	1,026,723,516元	
2015151	32	05	06	31	23	08	11	5注	350,309,390元	1,050,789,000元	
2015150	08	01	03	31	11	29	13	1注	333,813,118元	1,022,632,570元	
2015149	09	21	33	10	22	20	09	40注	368,458,204元	960,924,480元	
2015148	14	09	27	26	13	22	07	18注	330,278,892元	1,127,755,566元	
2015147	23	30	08	09	16	24	05	29注	331,495,570元	1,187,906,265元	
2015146	17	28	16	30	32	21	15	3注	368,273,034元	1,307,571,540元	
2015145	08	07	19	24	15	20	13	14注	327,973,844元	1,248,915,010元	
2015144	07	32	15	04	28	01	16	6注	330,530,758元	1,278,764,676元	
2015143	20	15	19	13	21	32	04	6注	363,104,978元	1,253,527,944元	
2015142	22	13	17	20	19	25	11	2注	326,956,020元	1,221,938,746元	
2015141	28	25	03	08	19	27	02	8注	329,544,366元	1,174,709,536元	
2015140	28	30	29	20	06	31	12	5注	363,959,858元	1,188,582,820元	
2015139	13	18	25	01	10	27	09	5注	323,569,236元	1,158,957,645元	
2015138	08	01	24	16	19	02	11	11注	317,036,346元	1,160,191,307元	
2015137	27	31	28	14	22	23	12	2注	357,991,902元	1,183,970,392元	
2015136	05	28	12	02	29	23	01	3注	332,169,672元	1,134,489,732元	
2015135	14	18	01	26	32	12	07	6注	323,653,256元	1,085,902,032元	
2015134	14	19	27	05	31	02	04	4注	359,304,970元	1,078,946,224元	
2015133	24	03	02	20	22	13	15	3注	318,320,120元	1,037,218,347元	
2015132	03	28	11	05	30	33	01	7注	324,697,916元	991,052,692元	
2015131	10	22	13	26	19	12	03	7注	352,871,146元	971,589,906元	
2015130	15	17	06	22	14	16	10	5注	329,910,968元	957,074,000元	
2015129	05	08	16	27	11	18	04	2注	330,274,852元	934,367,160元	
2015128	08	11	22	01	28	03	06	17注	353,929,358元	889,484,982元	
2015127	22	07	19	27	33	10	06	18注	323,385,694元	924,043,914元	
2015126	23	10	29	15	20	11	12	11注	321,292,184元	978,661,552元	
2015125	27	30	13	33	22	05	10	7注	342,693,238元	990,620,057元	
2015124	03	27	02	05	18	12	01	11注	314,656,346元	987,064,991元	
2015123	22	05	28	09	12	08	07	8注	312,976,520元	992,135,264元	
2015122	22	05	16	25	11	07	07	14注	340,964,698元	989,011,240元	
2015121	03	21	20	01	29	28	12	4注	311,696,404元	1,040,297,060元	
2015120	21	24	29	16	27	26	16	1注	306,978,816元	1,007,024,322元	
2015119	31	23	18	02	10	08	08	6注	336,177,996元	958,500,564元	
2015118	21	01	23	31	11	04	12	11注	302,094,780元	950,170,804元	
2015117	11	04	26	12	32	18	12	3注	276,307,776元	954,935,922元	
2015116	23	15	04	26	06	28	11	7注	298,345,670元	923,015,828元	
2015115	07	01	32	24	14	08	03	10注	275,624,372元	911,942,840元	
2015114	13	21	26	04	07	09	01	13注	297,013,542元	952,803,917元	
2015113	27	07	05	19	01	08	12	7注	337,101,348元	974,660,050元	
2015112	03	27	10	19	20	01	11	4注	306,859,802元	952,587,008元	
2015111	20	16	14	30	08	18	12	7注	307,364,620元	936,577,124元	
2015110	16	05	22	07	23	17	04	11注	340,689,020元	921,225,536元	
2015109	33	16	09	01	32	08	13	7注	317,531,670元	929,816,615元	
2015108	02	24	12	27	22	19	15	9注	309,769,258元	907,674,399元	
2015107	07	18	21	25	16	14	08	7注	337,547,646元	911,942,185元	
2015106	31	32	03	04	01	23	13	6注	305,793,682元	910,114,980元	
2015105	10	09	26	19	16	20	12	12注	304,229,202元	895,314,612元	
2015104	23	21	09	18	26	25	01	0注	332,604,432元	920,084,183元	
2015103	30	32	08	06	13	26	14	3注	284,270,680元	837,110,700元	
2015102	07	14	12	23	09	21	06	5注	300,065,068元	813,396,960元	
2015101	22	16	29	28	24	08	05	8注	333,057,658元	817,471,200元	
2015100	19	21	03	11	17	02	08	2注	302,573,068元	821,878,422元	
2015099	07	14	22	11	06	10	09	5注	297,598,058元	792,191,150元	
2015098	26	09	13	27	33	06	01	3注	329,104,206元	792,540,978元	
2015097	14	27	20	12	09	26	04	11注	298,570,222元	741,136,594元	
2015096	31	23	24	16	17	06	07	10注	294,260,644元	755,803,560元	
2015095	30	28	31	04	15	21	04	5注	325,059,832元	772,938,425元	
2015094	16	06	17	04	13	01	10	5注	295,713,760元	746,713,280元	
2015093	31	01	25	21	13	03	08	4注	292,493,392元	742,351,320元	
2015092	27	26	09	19	21	15	01	5注	318,089,362元	735,532,810元	
2015091	17	22	07	05	19	31	11	4注	285,818,388元	705,046,588元	
2015090	12	33	22	10	25	14	15	2注	282,983,042元	680,071,900元	
2015089	28	14	29	19	12	27	01	3注	311,873,350元	625,139,856元	
2015088	02	12	29	31	20	24	09	13注	287,667,610元	582,193,066元	
2015087	20	15	09	28	19	16	11	1注	280,174,514元	610,880,852元	
2015086	06	05	18	16	08	22	12	6注	308,129,834元	566,691,000元	
2015085	25	08	02	28	27	29	05	3注	285,325,214元	562,393,449元	
2015084	29	28	15	20	22	18	15	2注	281,884,996元	524,697,570元	
2015083	18	07	06	32	16	29	05	17注	315,704,384元	479,827,975元	
2015082	14	09	02	28	30	08	07	6注	288,017,344元	523,423,566元	
2015081	31	28	13	22	20	26	13	6注	278,500,218元	532,076,736元	
2015080	30	14	25	17	27	28	02	6注	314,150,596元	523,386,294元	
2015079	15	09	32	14	20	26	11	18注	291,775,556元	496,467,738元	
2015078	22	07	26	29	03	20	02	3注	291,936,416元	577,316,625元	
2015077	27	06	13	08	10	01	16	3注	324,775,100元	543,815,196元	
2015076	01	09	27	10	19	23	09	17注	294,088,268元	493,791,571元	
2015075	06	19	32	13	21	11	04	2注	292,719,690元	565,604,258元	
2015074	21	29	04	26	25	07	08	2注	320,107,256元	513,223,352元	
2015073	02	27	26	01	22	17	04	5注	293,054,328元	471,257,280元	
2015072	01	31	05	20	03	21	05	5注	293,363,242元	453,763,345元	
2015071	28	29	08	18	20	31	08	14注	308,073,950元	440,046,866元	
2015070	29	07	19	21	13	01	15	5注	294,607,168元	497,421,825元	
2015069	23	17	18	30	13	01	15	8注	292,089,158元	470,825,144元	
2015068	27	15	06	21	26	18	10	8注	326,767,662元	465,249,696元	
2015067	05	24	25	31	02	08	14	13注	296,388,770元	460,773,196元	
2015066	17	08	11	28	05	24	16	5注	295,073,100元	475,169,355元	
2015065	29	26	08	14	10	19	12	7注	326,011,866元	456,496,222元	
2015064	14	27	23	12	11	17	01	7注	298,850,352元	437,144,743元	
2015063	07	09	16	32	22	01	12	7注	291,740,962元	425,356,078元	
2015062	18	26	14	15	09	21	16	2注	323,470,788元	420,456,986元	
2015061	18	26	06	32	22	33	04	3注	300,873,544元	366,514,881元	
2015060	18	01	27	31	32	03	13	5注	294,398,362元	325,336,905元	
2015059	25	06	16	02	32	09	14	3注	327,035,284元	311,068,287元	
2015058	10	18	02	20	09	19	15	9注	302,422,308元	255,306,348元	
2015057	25	24	32	20	09	26	04	4注	298,048,220元	254,227,996元	
2015056	01	08	18	20	16	07	14	7注	333,455,694元	224,467,579元	
2015055	19	10	18	01	28	15	02	6注	308,523,870元	208,855,998元	
2015054	22	01	10	26	07	02	07	10注	305,342,532元	196,780,010元	
2015053	32	07	17	03	33	22	10	9注	337,772,948元	209,305,224元	
2015052	25	04	16	26	11	02	12	17注	312,855,530元	203,256,114元	
2015051	32	04	24	26	10	28	09	3注	311,895,918元	252,880,206元	
2015050	17	12	16	03	09	31	04	4注	330,490,908元	231,625,820元	
2015049	23	17	07	20	12	14	05	9注	304,091,626元	213,425,469元	
2015048	27	22	16	13	17	25	10	13注	314,318,648元	222,018,030元	
2015047	20	24	26	27	02	03	09	12注	353,219,880元	259,871,028元	
2015046	31	23	05	10	14	07	01	2注	324,849,386元	300,076,800元	
2015045	30	31	22	01	13	05	07	5注	317,791,860元	244,649,655元	
2015044	14	04	03	16	13	02	02	44注	361,973,072元	236,303,584元	
2015043	26	11	24	27	12	15	15	11注	333,265,010元	437,343,962元	
2015042	23	10	21	09	19	32	08	18注	328,582,874元	445,522,068元	
2015041	25	11	09	17	04	21	06	17注	355,451,862元	505,889,468元	
2015040	27	30	16	18	32	13	16	4注	320,385,120元	560,707,072元	
2015039	26	30	13	29	01	15	12	7注	304,495,842元	527,688,511元	
2015038	33	11	05	06	12	14	14	1注	330,881,502元	521,569,463元	
2015037	31	05	28	07	18	12	03	0注	311,121,894元	456,745,930元	
2015036	33	04	17	06	16	26	03	5注	314,978,372元	385,090,460元	
2015035	09	01	08	24	22	33	03	13注	354,232,116元	356,011,799元	
2015034	27	13	18	12	20	17	13	5注	319,035,578元	372,366,860元	
2015033	31	06	32	21	29	03	05	2注	316,147,976元	350,190,906元	
2015032	16	29	18	14	32	11	16	6注	356,881,788元	322,806,048元	
2015031	22	26	01	05	07	32	11	10注	322,648,288元	301,014,330元	
2015030	08	11	14	15	26	16	07	6注	313,853,770元	308,254,584元	
2015029	14	15	07	28	21	19	07	7注	350,574,266元	290,603,075元	
2015028	04	28	26	27	07	10	14	8注	318,360,502元	282,421,976元	
2015027	07	29	26	16	09	05	07	26注	313,056,664元	269,549,046元	
2015026	33	17	13	02	22	21	13	16注	346,132,854元	399,549,056元	
2015025	11	32	15	27	12	10	14	0注	301,966,294元	428,205,689元	
2015024	09	23	11	24	18	16	10	6注	297,320,432元	361,697,874元	
2015023	09	08	13	29	10	30	01	9注	371,421,794元	344,102,175元	
2015022	10	16	07	04	23	25	10	7注	428,626,486元	333,076,429元	
2015021	14	27	28	17	16	15	08	16注	369,500,210元	311,412,624元	
2015020	04	07	01	23	19	22	04	7注	404,738,304元	359,013,634元	
2015019	26	19	06	11	02	25	04	12注	363,865,754元	337,065,060元	
2015018	12	28	09	06	14	29	09	10注	356,589,678元	343,063,140元	
2015017	20	18	13	27	33	25	12	7注	405,548,808元	357,142,667元	
2015016	10	06	17	15	02	31	13	10注	370,190,678元	326,819,010元	
2015015	07	33	25	24	01	20	04	6注	369,504,840元	325,790,184元	
2015014	19	16	30	27	02	12	11	72注	413,004,748元	305,609,400元	
2015013	26	09	08	25	29	24	01	12注	371,312,910元	649,780,284元	
2015012	31	23	29	05	22	03	06	21注	370,574,586元	649,012,056元	
2015011	14	04	15	18	17	20	15	                       	 幸运12	5注	448,888,738元	710,557,160元	
2015010	02	08	03	21	01	31	09	                       	 幸运05	7注	408,876,968元	650,777,351元	
2015009	14	25	21	17	07	04	14	                       	 幸运13	13注	406,130,598元	642,387,330元	
2015008	16	22	07	10	04	20	03	                       	 幸运16	6注	441,162,104元	641,915,910元	
2015007	17	01	09	33	07	20	08	                       	 幸运07	8注	396,557,494元	615,032,608元	
2015006	33	01	10	11	29	31	13	                       	 幸运09	7注	381,704,996元	613,260,305元	
2015005	07	18	32	17	16	10	15	                       	 幸运01	7注	434,233,966元	589,772,988元	
2015004	16	15	14	02	23	24	10	                       	 幸运04	5注	391,871,604元	551,117,080元	
2015003	31	15	23	10	24	20	15	                       	 幸运11	5注	389,418,150元	529,251,380元	
2015002	15	28	25	16	32	07	05	                       	 幸运08	13注	445,131,362元	504,837,957元	
2015001	09	01	07	23	16	20	06	                       	 幸运01	8注	389,811,558元	512,536,696元	
2014152	15	08	21	20	13	25	12	                       	 幸运02	12注	403,970,126元	504,014,400元	
2014151	08	27	21	11	05	04	08	                       	 幸运01	13注	436,728,282元	521,118,039元	
2014150	03	22	24	32	08	14	09	                       	 幸运14	9注	393,965,122元	557,171,217元	
2014149	15	19	10	33	09	07	01	                       	 幸运05	2注	386,664,128元	562,421,886元	
2014148	05	02	12	01	15	16	13	                       	 幸运01	9注	425,097,618元	479,691,558元	
2014147	06	26	07	31	22	32	10	                       	 幸运07	4注	385,071,740元	460,352,344元	
2014146	32	01	29	06	20	13	01	                       	 幸运02	3注	383,982,986元	428,190,888元	
2014145	12	23	29	26	13	10	11	                       	 幸运13	9注	428,104,998元	359,386,704元	
2014144	06	03	05	10	09	27	14	                       	 幸运15	6注	379,438,954元	350,262,546元	
2014143	25	20	18	03	26	12	16	14注	375,707,362元	323,244,502元	
2014142	25	06	28	22	21	23	13	5注	419,262,206元	343,788,680元	
2014141	21	09	16	08	11	24	10	22注	374,573,402元	298,381,028元	
2014140	10	14	17	11	06	33	06	5注	369,928,040元	355,086,600元	
2014139	15	14	25	29	20	01	11	10注	416,872,552元	340,012,160元	
2014138	04	29	06	31	13	33	13	5注	379,450,576元	333,290,635元	
2014137	06	11	29	03	25	09	09	27注	377,779,080元	296,658,774元	
2014136	32	19	31	03	27	16	10	1注	419,949,224元	405,577,188元	
2014135	33	04	02	13	11	25	01	4注	380,304,722元	332,494,676元	
2014134	23	28	22	05	16	26	02	7注	374,813,426元	279,769,385元	
2014133	14	13	31	16	23	30	13	4注	417,287,906元	245,415,332元	
2014132	06	05	14	15	33	18	08	5注	372,487,192元	215,841,500元	
2014131	28	21	22	05	32	17	14	7注	396,591,384元	211,523,816元	
2014130	01	10	30	24	33	02	10	3注	402,591,108元	176,970,840元	
2014129	20	28	08	09	32	05	02	7注	359,082,268元	127,351,182元	
2014128	18	24	05	07	17	08	14	10注	358,520,804元	87,337,680元	
2014127	23	21	27	02	10	12	12	15注	405,427,926元	71,262,030元	
2014126	17	06	27	11	22	16	01	28注	374,635,140元	92,547,000元	
2014125	11	15	31	10	32	26	06	5注	369,171,242元	177,881,270元	
2014124	33	02	24	17	31	20	04	3注	414,603,564元	149,338,971元	
2014123	11	33	01	28	06	17	05	31注	374,248,054元	66,611,994元	
2014122	20	06	29	16	11	09	11	16注	372,450,634元	178,571,232元	
2014121	13	22	01	28	30	02	09	15注	414,246,034元	216,715,500元	
2014120	01	12	07	28	16	23	04	23注	380,941,988元	236,996,485元	
2014119	26	06	20	17	13	29	09	16注	374,297,910元	293,508,896元	
2014118	26	07	30	15	05	18	03	15注	412,610,364元	348,405,240元	
2014117	25	05	29	10	17	28	04	9注	376,251,864元	364,535,919元	
2014116	10	15	14	09	29	19	16	8注	355,472,106元	349,707,904元	
2014115	32	10	11	01	09	13	03	107注	393,986,920元	329,463,486元	
2014114	02	07	23	33	32	30	10	4注	336,622,164元	803,604,936元	
2014113	31	32	33	14	28	12	07	2注	376,332,046元	794,394,502元	
2014112	01	15	30	21	16	24	03	16注	438,774,340元	754,185,552元	
2014111	08	28	22	20	17	02	02	5注	391,471,380元	809,720,000元	
2014110	01	30	08	13	11	19	06	4注	384,948,858元	759,917,456元	
2014109	05	19	11	28	02	15	02	16注	437,600,916元	732,608,704元	
2014108	08	20	23	09	28	03	02	14注	393,047,674元	735,850,612元	
2014107	22	27	17	11	25	14	16	5注	387,176,276元	752,252,140元	
2014106	21	18	09	17	14	25	15	4注	422,052,940元	718,893,160元	
2014105	27	19	17	14	32	16	04	6注	379,715,550元	662,968,446元	
2014104	02	06	28	19	12	27	13	5注	358,170,510元	624,461,375元	
2014103	08	10	33	18	09	03	04	8注	396,768,732元	589,633,520元	
2014102	31	24	21	14	16	28	13	3注	368,749,750元	582,985,842元	
2014101	18	16	23	32	24	20	07	2注	359,712,392元	529,892,270元	
2014100	09	01	16	10	14	06	11	3注	401,949,134元	472,918,194元	
2014099	05	32	13	10	11	01	14	4注	358,086,522元	432,609,020元	
2014098	17	31	29	20	13	02	07	5注	353,151,800元	392,834,215元	
2014097	27	13	24	25	07	32	15	3注	390,727,104元	369,675,882元	
2014096	17	12	22	24	14	19	08	4注	357,432,576元	312,395,240元	
2014095	22	05	08	06	14	31	08	5注	348,187,212元	279,324,805元	
2014094	23	01	29	10	20	18	01	2注	394,513,356元	273,173,708元	
2014093	10	20	08	02	29	09	05	23注	361,310,882元	207,035,236元	
2014092	03	22	19	13	18	26	07	8注	355,694,942元	308,790,808元	
2014091	05	01	29	27	12	19	14	7注	395,683,536元	312,855,494元	
2014090	19	24	09	05	11	32	13	17注	361,007,810元	285,022,119元	
2014089	27	14	04	30	17	06	09	15注	349,996,988元	327,508,140元	
2014088	16	03	14	06	29	11	15	4注	378,895,304元	380,020,836元	
2014087	18	06	23	33	32	22	06	6注	346,294,212元	341,554,266元	
2014086	14	02	12	10	04	30	08	6注	342,885,520元	321,991,524元	
2014085	02	29	19	01	11	23	08	15注	383,964,576元	300,168,090元	
2014084	13	25	01	06	10	09	08	6注	348,439,746元	324,879,900元	
2014083	23	33	05	21	06	19	12	6注	342,671,260元	316,186,254元	
2014082	20	04	26	29	02	25	11	6注	376,072,870元	297,439,788元	
2014081	29	08	22	27	24	14	10	6注	345,588,442元	275,196,240元	
2014080	25	05	30	14	17	16	07	1注	339,602,048元	251,469,908元	
2014079	02	28	22	07	27	16	02	7注	371,546,996元	198,155,300元	
2014078	06	02	03	09	17	05	07	9注	340,877,252元	169,313,373元	
2014077	15	22	09	12	08	19	10	8注	335,080,206元	174,008,032元	
2014076	33	10	12	18	17	06	11	3注	375,634,222元	177,753,477元	
2014075	22	29	11	27	09	03	06	24注	341,705,034元	133,787,352元	
2014074	30	06	03	31	01	13	12	1注	333,005,878元	211,476,892元	
2014073	12	20	33	30	16	01	02	5注	368,813,894元	158,150,815元	
2014072	01	13	19	32	07	03	16	3注	324,184,472元	92,535,036元	
2014071	22	04	12	02	17	25	14	34注	332,837,230元	30,000,000元	
2014070	07	09	28	19	01	29	07	25注	381,932,126元	46,472,150元	
2014069	19	12	05	30	17	25	11	10注	344,427,596元	144,097,840元	
2014068	13	22	27	12	04	29	16	3注	333,498,724元	162,571,614元	
2014067	17	06	23	01	07	18	06	16注	369,752,334元	91,365,232元	
2014066	05	02	18	21	17	15	16	3注	326,106,482元	117,743,004元	
2014065	22	04	08	05	10	03	06	14注	331,291,864元	50,353,786元	
2014064	32	02	29	09	16	15	14	14注	362,553,032元	51,701,734元	
2014063	22	17	08	31	21	03	16	8注	318,559,312元	55,534,992元	
2014062	09	15	24	25	06	26	09	58注	324,555,900元	30,000,000元	
2014061	14	28	02	17	31	27	08	16注	348,086,982元	63,402,256元	
2014060	03	25	18	14	05	33	06	1注	332,537,430元	77,191,491元	
2014059	12	05	25	13	08	23	13	14注	332,914,310元	33,384,288元	
2014058	03	14	25	12	13	02	11	38注	395,239,936元	35,549,494元	
2014057	31	12	04	02	18	23	08	6注	357,051,002元	211,270,800元	
2014056	28	20	01	11	18	29	01	6注	355,820,816元	189,835,134元	
2014055	19	30	21	09	02	14	04	8注	399,255,230元	166,904,832元	
2014054	01	11	05	29	04	30	14	14注	362,404,232元	163,007,572元	
2014053	22	31	17	19	14	26	02	1注	357,050,160元	192,683,993元	
2014052	28	30	13	15	33	09	08	14注	388,520,458元	130,683,658元	
2014051	21	19	24	10	23	16	13	7注	355,097,144元	172,124,407元	
2014050	26	32	17	03	25	23	13	6注	356,974,970元	153,092,388元	
2014049	32	07	23	16	17	06	06	15注	395,100,460元	138,239,115元	
2014048	24	25	16	09	17	06	16	10注	328,158,768元	167,548,980元	
2014047	11	19	08	10	12	29	15	6注	367,083,108元	175,063,188元	
2014046	02	22	18	10	11	17	10	10注	407,325,576元	151,808,850元	
2014045	04	02	09	22	11	19	15	22注	375,431,708元	173,383,408元	
2014044	27	04	28	09	33	21	12	4注	373,074,342元	234,600,372元	
2014043	02	14	05	09	33	24	09	16注	415,843,112元	210,637,936元	
2014042	33	28	25	15	12	20	14	0注	373,018,334元	267,308,119元	
2014041	21	18	07	22	11	16	02	2注	365,242,842元	180,069,774元	
2014040	04	12	03	11	06	15	08	9注	406,009,192元	129,726,387元	
2014039	15	31	11	03	19	20	07	5注	363,687,932元	140,977,080元	
2014038	23	07	24	22	33	04	16	9注	356,364,376元	95,544,036元	
2014037	24	14	25	30	06	13	07	18注	385,617,546元	64,542,096元	
2014036	08	11	07	09	01	22	03	30注	378,585,748元	115,259,940元	
2014035	17	07	33	32	08	09	06	10注	385,901,784元	239,056,900元	
2014034	01	08	04	25	03	31	06	20注	432,189,956元	242,743,280元	
2014033	33	13	32	28	05	23	12	17注	403,193,612元	319,148,956元	
2014032	33	14	29	22	01	02	07	3注	397,424,848元	363,106,803元	
2014031	27	10	21	16	17	04	14	16注	443,595,958元	331,429,504元	
2014030	30	12	19	24	18	23	10	8注	396,594,924元	343,001,056元	
2014029	07	21	16	29	02	14	14	8注	396,072,528元	335,945,528元	
2014028	16	21	27	30	32	06	05	8注	435,709,368元	309,604,392元	
2014027	31	08	30	14	16	10	01	2注	384,105,632元	301,167,546元	
2014026	23	06	11	05	02	01	14	2注	376,888,174元	234,682,846元	
2014025	16	30	01	05	14	10	16	3注	420,328,670元	176,129,274元	
2014024	08	10	16	23	20	30	09	24注	380,942,014元	102,252,288元	
2014023	09	21	17	13	07	22	10	13注	379,325,720元	192,597,457元	
2014022	06	21	26	07	10	04	16	8注	422,477,050元	208,621,864元	
2014021	29	10	22	17	15	08	12	9注	376,012,996元	190,297,125元	
2014020	09	25	14	23	24	17	15	4注	369,800,298元	195,215,928元	
2014019	20	15	19	10	02	21	07	5注	409,381,396元	149,062,025元	
2014018	13	33	30	21	17	18	15	5注	366,787,508元	152,153,450元	
2014017	26	06	25	04	14	07	10	24注	354,286,552元	89,220,000元	
2014016	07	02	24	21	03	13	08	3注	394,728,698元	189,407,019元	
2014015	11	19	30	32	33	02	09	11注	345,827,928元	153,702,230元	
2014014	04	22	25	19	29	09	15	10注	340,281,006元	174,399,960元	
2014013	15	21	13	05	17	09	13	12注	447,850,102元	174,532,572元	
2014012	21	24	19	01	11	08	08	6注	364,615,256元	193,817,286元	
2014011	14	13	21	32	09	10	02	7注	400,827,700元	185,230,836元	
2014010	33	31	05	07	20	08	11	2注	359,922,428元	168,977,284元	
2014009	19	20	09	25	08	32	16	6注	348,408,848元	127,264,176元	
2014008	30	21	16	14	05	29	12	8注	392,135,484元	99,040,432元	
2014007	28	12	14	18	08	10	14	13注	346,606,050元	58,697,890元	
2014006	07	27	17	03	04	21	14	70注	369,941,458元	30,000,000元	
2014005	33	18	15	32	27	23	04	6注	414,088,906元	237,244,320元	
2014004	25	01	19	24	04	22	15	5注	373,155,800元	201,488,460元	
2014003	10	33	30	06	28	11	12	6注	363,993,362元	169,237,320元	
2014002	32	04	31	33	23	21	04	6注	408,021,124元	157,176,954元	
2014001	09	27	29	20	03	15	01	3注	371,341,368元	136,130,274元	
2013154	19	11	07	29	24	14	05	16注	382,836,786元	69,636,912元	
2013153	18	28	11	08	33	13	10	6注	394,373,774元	76,364,070元	
2013152	06	04	16	18	29	14	05	28注	353,968,798元	30,000,000元	
2013151	09	33	03	19	10	28	09	45注	376,460,226元	30,000,000元	
2013150	15	26	01	25	29	16	10	5注	409,001,896元	188,178,865元	
2013149	25	18	32	09	26	30	11	9注	369,490,424元	155,929,878元	
2013148	06	22	11	12	14	17	01	5注	354,333,120元	154,199,665元	
2013147	19	30	17	02	15	16	08	18注	400,947,352元	117,026,496元	
2013146	30	20	25	32	33	08	01	4注	404,451,866元	162,543,128元	
2013145	13	10	24	16	23	06	15	13注	364,933,776元	92,904,565元	
2013144	27	19	31	05	12	07	02	12注	406,764,784元	99,467,508元	
2013143	27	18	32	21	22	12	11	8注	364,973,022元	82,747,368元	
2013142	12	20	29	14	22	11	14	8注	356,100,256元	63,900,184元	
2013141	05	04	31	03	25	30	04	25注	409,703,546元	30,000,000元	
2013140	22	12	13	21	05	01	10	4注	359,556,480元	76,786,944元	
2013139	11	27	07	21	13	08	08	25注	372,082,440元	30,000,000元	
2013138	27	28	24	16	15	04	03	10注	402,650,432元	74,254,260元	
2013137	27	17	04	19	24	23	10	27注	379,293,130元	51,312,261元	
2013136	26	16	18	06	04	14	06	12注	369,164,734元	116,962,560元	
2013135	24	31	09	23	29	25	12	5注	406,720,240元	139,074,525元	
2013134	25	17	18	01	19	29	10	16注	372,289,714元	82,346,272元	
2013133	22	12	04	07	25	19	01	12注	361,709,328元	119,827,596元	
2013132	22	27	20	23	25	21	12	25注	420,848,208元	124,670,825元	
2013131	19	12	17	26	06	04	09	18注	388,319,260元	199,798,632元	
2013130	03	01	16	33	15	31	08	12注	385,080,972元	256,689,792元	
2013129	27	31	14	05	10	06	14	4注	418,710,844元	262,553,088元	
2013128	25	31	17	13	07	19	08	8注	381,844,688元	201,975,928元	
2013127	22	13	03	20	02	33	14	5注	376,726,836元	197,309,615元	
2013126	19	31	04	33	10	27	16	5注	408,866,622元	162,711,340元	
2013125	28	25	04	08	18	06	16	8注	372,984,566元	123,047,728元	
2013124	09	15	30	03	25	23	07	8注	347,249,642元	107,102,896元	
2013123	25	02	11	17	01	06	02	12注	385,822,278元	86,159,328元	
2013122	27	07	10	26	15	13	11	10注	345,544,080元	75,670,240元	
2013121	07	06	05	25	27	04	07	5注	337,100,116元	60,671,480元	
2013120	06	23	18	13	05	31	11	47注	404,684,072元	36,491,411元	
2013119	20	26	22	15	32	05	09	9注	357,071,040元	240,588,702元	
2013118	33	32	02	17	03	22	16	6注	343,511,272元	243,272,184元	
2013117	33	27	24	12	09	13	16	19注	368,579,726元	217,864,773元	
2013116	21	33	12	32	26	15	07	2注	312,633,700元	259,236,778元	
2013115	03	18	27	17	16	12	08	13注	319,974,332元	211,959,722元	
2013114	21	17	04	06	33	23	07	5注	398,506,774元	240,677,850元	
2013113	33	24	07	04	17	11	09	7注	353,992,568元	202,421,233元	
2013112	31	13	12	22	01	06	07	12注	344,881,702元	199,580,280元	
2013111	06	02	33	03	01	08	13	22注	401,502,238元	216,014,150元	
2013110	21	18	17	29	32	15	13	4注	341,867,256元	271,666,100元	
2013109	24	09	23	29	32	27	08	5注	351,155,742元	248,456,620元	
2013108	31	32	21	28	16	22	05	3注	384,725,718元	244,712,259元	
2013107	17	11	28	31	07	09	11	7注	349,907,348元	206,293,472元	
2013106	11	32	09	23	30	31	06	4注	344,715,810元	192,566,520元	
2013105	11	27	01	31	32	23	09	5注	380,197,404元	180,328,590元	
2013104	17	02	28	04	15	01	11	4注	339,771,188元	161,543,208元	
2013103	04	20	09	18	02	13	07	5注	329,389,008元	129,386,045元	
2013102	16	05	08	02	06	04	03	12注	374,113,680元	112,762,404元	
2013101	05	23	32	09	27	07	01	4注	339,246,710元	117,330,108元	
2013100	20	16	08	04	14	11	11	0注	324,850,520元	110,063,013元	
2013099	20	26	31	21	05	11	03	13注	359,490,506元	57,365,841元	
2013098	19	20	26	07	15	18	14	28注	333,979,300元	61,447,820元	
2013097	17	23	22	14	25	05	07	3注	326,153,582元	165,973,926元	
2013096	28	22	01	30	02	29	15	9注	364,530,978元	133,568,694元	
2013095	29	28	19	15	01	06	10	5注	321,839,422元	122,220,820元	
2013094	14	02	22	18	04	20	07	11注	320,217,972元	85,662,203元	
2013093	31	26	08	02	29	01	14	2注	345,826,922元	113,583,018元	
2013092	26	11	07	21	31	15	06	8注	311,052,518元	39,250,888元	
2013091	31	14	24	28	04	25	10	22注	308,670,790元	30,000,000元	
2013090	11	24	02	23	05	29	08	46注	372,773,264元	30,000,000元	
2013089	04	08	19	25	21	12	13	14注	337,088,774元	173,879,650元	
2013088	15	09	21	22	24	20	14	3注	332,225,112元	203,431,818元	
2013087	24	28	23	02	13	19	05	6注	364,306,204元	159,824,838元	
2013086	02	11	26	04	16	13	11	3注	326,453,274元	147,621,963元	
2013085	02	12	16	08	14	32	16	7注	330,145,456元	119,563,094元	
2013084	21	07	05	09	20	11	03	10注	373,588,034元	101,313,260元	
2013083	12	19	14	06	23	05	09	18注	338,036,388元	101,908,566元	
2013082	22	14	20	04	13	30	06	5注	326,611,872元	177,229,420元	
2013081	01	10	31	13	04	21	13	4注	359,745,012元	164,579,200元	
2013080	23	28	11	32	10	12	16	5注	327,918,824元	126,651,295元	
2013079	26	07	22	19	13	17	13	12注	320,512,624元	108,592,428元	
2013078	05	26	17	27	18	03	15	8注	355,637,236元	125,198,288元	
2013077	09	14	26	24	29	23	03	31注	333,114,166元	90,631,848元	
2013076	23	24	29	30	14	26	03	1注	326,689,120元	213,429,920元	
2013075	04	09	06	33	25	30	14	0注	358,276,246元	148,151,453元	
2013074	06	08	32	14	03	19	03	3注	320,654,782元	76,109,739元	
2013073	13	20	28	17	09	02	11	19注	324,559,238元	31,466,432元	
2013072	08	33	14	19	11	02	09	2注	351,392,580元	83,394,408元	
2013071	21	12	26	28	05	23	09	11注	311,914,552元	31,637,441元	
2013070	02	28	10	30	09	03	06	13注	296,577,242元	58,271,360元	
2013069	30	16	18	17	07	33	06	105注	369,339,396元	30,000,000元	
2013068	13	20	25	02	27	07	06	10注	329,872,238元	135,584,520元	
2013067	09	01	04	30	15	22	06	16注	309,743,864元	137,776,720元	
2013066	17	16	20	01	03	32	07	8注	368,087,166元	182,192,048元	
2013065	23	07	30	19	18	29	02	5注	334,460,176元	201,675,690元	
2013064	13	25	22	09	32	01	12	5注	328,102,052元	172,812,165元	
2013063	31	20	15	23	10	18	12	3注	354,390,256元	142,799,949元	
2013062	22	19	06	01	07	27	02	2注	313,979,568元	83,172,610元	
2013061	06	05	18	13	12	07	12	43注	335,064,726元	30,000,000元	
2013060	07	05	20	13	19	10	15	8注	368,726,696元	110,329,152元	
2013059	27	29	03	10	24	18	09	11注	339,381,758元	99,230,450元	
2013058	24	08	11	21	17	23	05	13注	338,075,776元	138,757,060元	
2013057	13	19	26	16	28	23	05	6注	367,207,180元	152,624,208元	
2013056	12	29	26	03	25	28	16	5注	330,573,576元	138,712,270元	
2013055	32	19	27	18	22	08	06	6注	328,924,474元	116,004,306元	
2013054	08	14	04	03	28	21	14	14注	367,209,526元	101,137,064元	
2013053	30	22	03	33	13	12	14	5注	327,360,018元	89,705,790元	
2013052	14	22	24	06	21	07	13	8注	320,719,928元	48,367,032元	
2013051	29	08	15	28	19	12	02	33注	377,856,082元	30,000,000元	
2013050	22	07	03	13	25	18	03	9注	331,969,178元	116,018,802元	
2013049	16	32	14	10	21	13	14	2注	295,889,902元	114,803,190元	
2013048	32	28	30	10	17	13	04	37注	379,712,106元	55,171,877元	
2013047	01	27	17	30	11	08	12	6注	347,274,348元	167,906,106元	
2013046	19	03	24	26	16	20	06	7注	352,094,234元	143,084,851元	
2013045	07	06	14	31	08	23	12	7注	389,847,482元	123,007,759元	
2013044	28	26	11	03	18	05	06	12注	355,471,956元	113,248,452元	
2013043	17	25	06	15	14	03	16	16注	358,568,922元	130,914,304元	
2013042	15	08	33	13	01	12	03	7注	396,763,590元	191,650,228元	
2013041	23	17	10	02	24	12	05	3注	358,260,706元	165,669,831元	
2013040	10	02	12	04	17	30	10	11注	352,650,578元	135,009,567元	
2013039	02	15	24	29	01	14	06	7注	390,740,078元	158,541,908元	
2013038	15	10	12	14	19	09	11	5注	328,400,842元	140,504,290元	
2013037	18	15	32	28	27	02	14	6注	350,336,028元	122,337,450元	
2013036	29	05	31	09	27	04	13	9注	393,497,514元	118,017,567元	
2013035	26	17	15	14	30	01	02	3注	351,498,872元	105,954,843元	
2013034	20	06	22	33	26	15	09	8注	339,315,898元	47,229,360元	
2013033	06	28	17	19	13	05	01	44注	397,248,028元	34,224,132元	
2013032	04	21	29	30	33	25	03	2注	365,616,360元	185,170,708元	
2013031	03	15	14	13	33	21	03	10注	365,951,410元	135,583,170元	
2013030	25	26	07	29	18	14	06	7注	405,193,314元	146,756,785元	
2013029	29	23	06	19	10	07	12	12注	367,189,222元	133,260,864元	
2013028	07	25	08	26	28	14	13	6注	363,477,764元	144,919,914元	
2013027	24	21	01	12	04	02	12	11注	401,897,672元	136,259,354元	
2013026	22	04	31	15	14	11	11	4注	357,237,076元	140,421,744元	
2013025	30	16	18	25	17	24	08	27注	365,053,994元	116,448,192元	
2013024	04	23	30	05	27	13	09	17注	397,860,528元	222,298,732元	
2013023	32	03	15	06	18	30	05	4注	359,844,386元	271,259,788元	
2013022	15	07	04	02	20	09	07	6注	349,104,140元	238,299,864元	
2013021	19	31	26	01	17	06	11	7注	386,291,388元	239,758,883元	
2013020	16	01	07	21	12	08	01	5注	337,611,102元	233,771,560元	
2013019	20	26	16	05	01	02	06	5注	316,958,200元	207,401,535元	
2013018	30	08	28	29	13	02	05	10注	364,752,666元	193,557,090元	
2013017	31	12	30	32	04	06	09	3注	339,247,106元	198,644,874元	
2013016	12	06	02	28	14	05	05	12注	327,207,104元	165,350,088元	
2013015	05	18	13	06	07	11	15	3注	377,989,410元	202,682,481元	
2013014	05	17	19	20	04	02	08	20注	348,187,310元	150,729,380元	
2013013	06	19	13	28	05	22	09	19注	351,745,408元	211,416,895元	
2013012	06	28	22	17	29	14	02	3注	389,114,476元	260,734,911元	
2013011	12	03	17	27	29	24	09	11注	350,274,074元	199,912,372元	
2013010	32	01	09	17	33	11	12	5注	347,709,230元	224,151,420元	
2013009	04	16	23	01	13	09	02	4注	383,674,016元	195,572,596元	
2013008	17	32	03	25	08	21	15	6注	341,795,384元	170,217,234元	
2013007	32	02	15	26	09	22	01	2注	341,246,158元	151,606,540元	
2013006	22	13	30	09	10	17	13	8注	374,366,198元	82,757,304元	
2013005	01	25	32	13	31	14	12	11注	339,352,226元	49,335,143元	
2013004	10	27	06	16	20	32	08	17注	337,097,616元	35,567,995元	
2013003	22	28	23	26	33	27	09	4注	367,773,688元	98,882,604元	
2013002	16	30	01	22	28	18	12	4注	303,822,912元	61,810,900元	
2013001	06	15	25	08	24	14	06	20注	309,153,922元	30,000,000元	
